00000000000000000000000100000000000000000000000000000000000000000000000000000000
00000000000000000000001010000000000000000000000000000000000000000000000000000000
00000000000011000000110000000000001100000000000000000000000000000000000000000000
00000000000100000100001100000000001100000000000000000000000000000000000000000000
11000000001000001000011000000000000000000000000000000000000000000000000000000000
11000000001000100110000101000000000000000000000000000000000000000000000000000000
00000000010000010000000001000000000000000000000000000000000000000000000000000000
00000000001000010000000000000000000000000000000000000000000000000000000000000000
00000000000110000000000000000000000000000000000000000000000000000000000000000000
00000000000000000000000000000000000000000000000000000000000000000000000000000000
00000000000000000000000000000000000000000000000000000000000000000000000000000000
00000000000000000000000000000000000000000000000000000000000000000000000000000000
00000000000000000000000000000000000000000000000000000000000000000000000000000000
00000000000000000000000000000000000000000000000000000000000000000000000000000000
00000000000000000000000000000000000000000000000000000000000000000000000000000000
00000000000000000000000000000000000000000000000000000000000000000000000000000000
00000000000000000000000000000000000000000000000000000000000000000000000000000000
00000000000000000000000000000000000000000000000000000000000000000000000000000000
00000000000000000000000000000000000000000000000000000000000000000000000000000000
00000000000000000000000000000000000000000000000000000000000000000000000000000000
00000000000000000000000000000000000000000000000000000000000000000000000000000000
00000000000000000000000000000000000000000000000000000000000000000000000000000000
00000000000000000000000000000000000000000000000000000000000000000000000000000000
00000000000000000000000000000000000000000000000000000000000000000000000000000000
00000000000000000000000000000000000000000000000000000000000000000000000000000000